0.259562158 -1.744013283 0.801711388 -0.295443123 0.188501430 1.256292595 0.232740768 -1.570140634 -2.075177836 -1.965061892
-1.747666261 2.229112099 1.158766678 -0.429142962 -0.983935194 0.745209120 -0.210320068 -0.711979766 -0.358427300 0.379753129
-0.098100905 0.402531079 0.224365487 0.601915675 -0.534990784 -0.944616328 1.366489338 0.293013855 0.775229390 0.246373308
1.266864434 -1.540492626 1.996668684 0.912357369 -0.421642354 0.449317924 1.879715276 -1.134373893 -0.210496561 -0.675015000
1.212751383 -0.012694020 0.124224277 1.154138572 0.291697664 -0.268575509 0.462620224 -0.451992967 0.106117330 0.227167386
-0.536705513 -0.549596366 -2.060985820 -0.397633731 -0.191119477 1.355014105 0.806498585 0.492110175 -1.218483365 -0.190743679
2.135175278 0.656699852 0.617134813 0.703479199 0.100242249 0.749988544 -0.491417274 0.485895658 -0.439324964 0.591213112
0.822387208 0.510183146 -0.340236462 1.192768095 1.254625853 -0.030550066 0.458386574 -0.384125632 0.460511205 -0.809522692
0.432892585 0.290936783 1.363732601 -0.226852658 -0.014509133 -0.488429600 0.948333591 1.512229241 1.584799068 -0.104496957
-1.089862976 0.530079962 -0.576812283 -1.764454832 0.835363376 -1.168096723 0.821784639 0.792983327 0.677096438 -1.283601513
0.154757199 -0.233843302 -0.599668593 -1.517135180 0.266269538 1.240539561 0.526871264 0.212941355 -0.629361358 0.200538376
0.123052077 -0.011870738 1.566008615 -0.181507121 0.370928870 0.856392651 -0.881953508 -0.306756029 -0.489901175 -0.572699953
-1.114882820 1.521316835 -0.799879276 1.157053091 -1.418177737 -0.077933870 -0.013049817 -0.194037411 0.693372850 1.639621402
0.826335327 0.223730177 1.160221848 0.650375988 -0.122159971 -0.143248488 0.092352746 1.575068057 1.596073141 2.209504225
-1.582665801 1.179916479 -0.210986435 0.041939526 -0.843966464 1.511412479 -0.269714327 1.533797339 0.449376810 -0.837531399
-0.535312832 0.146336898 0.658281183 1.635808951 -0.361630489 -1.052810765 0.513895473 -0.798493767 -0.397451293 0.455054174
0.192195205 -0.062419612 -0.311690501 -0.785963902 -1.650003955 0.180416717 0.678891494 -1.206452959 1.413263868 -1.554520576
0.561633707 -0.326477657 -0.531088815 0.413654962 0.750484587 -0.581325146 -0.864377370 1.357682508 0.516705096 1.422942760
0.515218890 1.461233622 -0.551789734 0.564715567 0.814294633 -0.489914708 -0.222126778 0.475509390 0.313673380 1.391001708
-0.282103802 0.491615087 -0.402074421 -0.018273272 -0.491527155 -0.652865687 0.389758361 0.334887463 1.615691062 0.853399933
1.068088324 0.793445143 0.647843566 2.181086955 0.288356515 -1.335402389 1.338844244 0.529307193 0.313823974 -0.068719687
-1.596494232 -2.088436445 1.810286700 0.496820734 0.527155130 -1.158454768 0.047305125 -0.186294856 -0.607996933 -0.018890210
0.056430295 0.324189447 0.349559224 -0.268848470 0.979196697 1.522240357 0.180222911 0.638878814 0.369436677 1.138316367
-0.357266790 1.007362284 -1.540328625 -1.270719587 1.269748013 -1.309012922 1.249863880 -1.550456110 -0.488682757 0.353907486
-0.602710871 -1.703871203 0.651521524 1.526111938 -1.685035453 -1.181464493 0.790841468 -0.392076646 1.060403831 0.603742937
